530
63
202
797
880
197
866
566
90
559
51
729
70
787
174
195
699
10
821
127
881
330
117
771
479
354
218
464
29
123
616
577
262
102
75
60
534
741
765
695
564
722
115
792
647
782
657
304
893
860
555
242
568
639
178
558
655
305
401
212
712
470
105
648
30
73
369
301
707
576
535
400
633
151
206
732
203
360
674
213
311
389
319
411
404
403
109
134
219
272
770
563
278
349
352
396
755
806
779
575
528
156
803
811
715
188
455
468
155
230
636
384
175
72
240
645
833
785
693
697
750
840
48
271
838
453
892
734
251
317
428
80
584
129
507
623
519
44
141
497
701
140
448
744
598
565
296
663
798
138
557
727
61
826
359
704
39
110
353
89
71
824
21
266
373
92
133
849
757
691
749
328
845
649
650
447
869
346
622
85
889
181
736
511
399
848
6
65
122
802
604
427
542
393
595
426
480
32
829
3
767
467
761
751
431
844
768
556
810
843
687
662
331
861
136
868
859
567
225
91
457
494
742
126
688
856
582
680
668
458
783
34
82
68
231
108
525
681
211
343
522
886
672
303
402
256
324
774
148
365
74
828
294
7
162
602
81
344
282
832
752
870
267
125
437
179
167
696
234
619
224
817
630
609
698
416
320
481
380
527
370
554
93
872
703
261
131
685
414
163
11
780
629
283
686
143
104
47
164
371
574
675
834
512
337
891
733
205
207
124
873
690
723
198
800
24
363
8
186
489
544
777
541
862
259
300
245
538
66
550
738
689
41
710
111
434
340
523
62
42
161
540
121
504
145
228
531
678
517
77
295
885
237
13
726
316
269
500
520
45
465
395
641
182
816
743
180
257
226
814
669
548
900
839
524
409
116
277
827
55
112
852
460
799
232
796
362
327
347
405
611
590
537
877
86
805
605
445
794
735
52
4
791
731
545
488
876
298
586
325
379
236
786
855
714
608
536
482
646
338
846
620
864
59
867
505
854
83
419
737
69
168
199
18
561
184
683
49
37
291
863
263
221
208
820
818
597
187
753
842
0
273
572
413
308
239
644
342
700
293
394
183
823
53
397
241
255
514
250
190
15
35
692
896
898
50
760
473
748
486
498
345
19
339
258
503
546
571
284
285
516
210
758
491
879
99
789
177
746
835
