805
415
308
877
621
614
366
400
390
297
821
104
60
364
479
503
150
639
355
120
34
807
285
252
198
401
782
826
231
515
693
863
244
642
451
622
193
448
837
854
417
322
214
859
588
653
167
18
413
189
217
495
879
742
894
174
697
360
146
46
759
338
772
219
406
2
460
886
860
317
227
77
703
861
278
517
678
824
777
242
514
801
362
660
315
30
647
535
771
493
330
700
64
623
765
560
838
149
502
319
169
427
710
135
95
110
685
890
393
873
441
834
450
753
541
299
526
726
177
544
205
666
865
35
409
314
53
281
428
28
784
604
42
367
817
157
96
613
708
884
551
585
741
161
848
573
290
333
695
668
615
736
662
114
755
627
164
724
21
190
804
633
329
363
405
698
426
727
226
38
499
203
335
119
130
570
383
654
721
433
751
412
51
215
828
750
185
221
532
391
610
659
707
598
326
7
438
577
431
398
563
276
855
331
36
61
247
447
411
395
131
869
3
306
324
105
279
731
255
305
557
743
101
758
870
310
871
404
43
237
475
699
275
106
236
47
812
124
171
728
718
510
856
663
313
348
372
754
574
212
309
504
564
11
66
254
142
262
637
692
536
897
10
295
201
232
744
797
892
258
440
8
520
20
303
129
468
764
238
425
868
134
580
576
839
846
790
200
655
112
127
814
302
484
422
300
184
307
80
216
378
78
79
453
320
318
195
154
192
334
701
582
866
739
850
233
273
746
172
457
616
851
253
389
225
75
454
813
446
733
725
549
706
734
12
779
842
264
45
137
181
492
792
86
44
420
735
843
487
645
268
437
717
715
630
785
291
507
197
472
55
661
199
620
740
211
63
477
680
73
895
289
350
631
649
459
449
165
392
434
769
811
283
488
91
667
476
178
820
49
803
565
711
625
546
702
379
518
323
5
609
286
571
182
788
71
13
48
559
882
872
553
349
445
712
673
418
481
0
778
357
651
480
76
572
194
356
111
84
822
321
473
849
429
377
32
186
657
70
686
829
436
506
847
528
619
766
671
371
584
196
408
831
511
271
270
26
246
298
800
618
465
845
99
714
523
138
148
587
594
159
416
282
160
624
512
241
87
384
607
340
116
98
650
132
1
677
508
558
19
458
107
632
69
795
583
266
83
109
747
