540
431
180
352
347
593
773
326
60
322
413
395
49
300
236
505
331
510
859
812
858
247
551
75
48
97
376
744
373
690
56
357
579
599
262
477
172
238
785
181
581
679
782
472
273
421
307
152
286
27
212
554
880
832
363
556
217
382
875
279
324
55
446
847
435
775
536
869
182
206
703
99
444
343
69
717
96
116
375
765
631
648
860
764
462
103
499
519
124
639
165
636
831
263
141
827
271
777
676
877
685
313
449
4
428
731
873
762
802
400
130
179
490
611
511
143
596
844
113
792
66
325
512
72
265
76
32
745
394
485
469
197
846
289
120
673
383
633
137
223
478
772
524
442
71
91
8
6
397
507
231
742
280
705
474
173
528
651
616
118
889
837
12
367
833
662
339
627
353
38
64
464
349
638
426
327
665
122
699
575
710
495
0
287
378
602
20
500
630
700
708
344
362
561
107
253
759
779
848
614
803
398
161
321
114
576
825
624
689
882
154
50
514
850
589
333
666
171
845
159
479
760
531
68
598
318
177
463
336
3
560
763
368
270
121
1
677
687
429
697
728
729
199
851
719
387
410
128
658
899
558
620
518
770
94
419
794
201
37
813
228
615
16
714
644
590
350
517
686
879
73
261
684
158
756
618
761
14
491
162
801
681
532
341
337
887
664
237
306
559
835
475
41
807
147
42
215
401
755
718
545
219
244
610
653
274
768
364
213
44
849
10
447
670
361
669
900
276
457
751
711
493
857
108
786
704
854
722
821
497
203
18
608
515
43
329
838
61
98
893
67
155
245
131
503
480
787
650
28
641
293
183
409
74
895
592
492
829
568
242
778
360
90
370
311
102
100
377
220
865
473
886
59
252
142
132
577
820
539
647
414
427
544
691
160
894
78
134
808
883
259
80
115
730
298
553
455
572
406
418
207
422
522
33
562
868
791
757
105
374
388
892
443
404
604
451
412
564
256
319
433
216
897
391
365
346
557
855
668
806
192
585
22
657
871
166
810
424
227
546
898
39
385
232
872
582
198
486
534
652
896
678
170
255
628
15
323
423
591
266
292
21
626
417
54
277
282
62
674
702
725
402
795
736
380
176
51
817
358
529
583
104
843
735
663
753
36
200
537
174
496
214
11
425
743
606
597
574
861
351
