830
685
190
126
361
457
798
295
165
733
587
871
19
710
209
625
687
110
840
665
257
517
782
673
32
518
841
859
360
79
512
573
312
432
140
761
263
699
162
99
507
503
722
192
756
6
720
714
191
106
341
59
861
355
664
376
659
822
662
853
241
742
466
397
77
762
529
887
524
133
228
349
62
335
358
602
789
469
794
395
617
53
405
92
666
640
48
527
668
277
510
357
736
608
868
240
17
383
298
243
435
291
470
559
85
421
356
285
130
790
109
419
554
743
847
176
637
404
682
647
873
230
767
175
712
430
402
576
810
623
52
204
746
238
86
443
186
281
816
272
726
309
751
40
642
541
468
193
195
709
101
317
1
141
465
824
700
441
862
636
523
724
475
64
532
526
613
533
764
695
753
497
359
508
731
194
648
300
719
316
409
180
31
590
805
807
464
58
879
878
36
134
463
829
54
677
164
256
858
311
788
181
870
215
837
886
784
450
136
557
842
876
793
455
885
178
749
890
388
127
275
750
205
113
246
801
615
3
487
333
144
484
338
365
336
826
417
649
560
234
427
313
621
403
535
570
539
763
803
478
681
218
772
206
68
581
378
694
394
392
220
792
531
740
589
657
363
66
268
4
525
8
834
667
748
808
616
187
594
831
233
846
482
444
458
207
445
703
242
61
558
416
895
776
428
320
439
537
406
253
777
337
184
556
696
819
546
302
495
437
20
737
33
674
634
656
386
845
765
730
889
843
305
124
515
326
672
423
502
759
158
301
555
697
236
701
266
780
120
653
431
104
418
303
310
882
596
599
63
633
785
119
169
598
377
898
606
426
809
775
103
854
304
374
684
483
39
323
774
549
347
57
114
645
626
225
872
5
661
408
860
122
817
260
883
493
619
105
2
705
818
88
384
446
379
866
479
262
618
540
