144
280
799
620
615
81
766
630
440
891
141
88
525
531
352
438
694
21
880
741
882
589
532
601
257
357
755
685
139
154
306
762
351
534
609
567
192
266
265
826
691
347
288
662
603
607
758
267
825
749
789
261
494
713
488
613
658
736
443
834
175
380
866
472
763
416
869
353
11
328
131
702
273
35
703
434
552
184
829
498
816
718
308
95
392
862
402
295
627
255
230
562
656
398
419
551
486
370
307
76
78
458
650
516
3
241
499
801
66
169
436
216
118
512
277
847
672
570
725
480
334
138
482
403
795
564
757
290
48
756
508
194
495
639
717
803
647
807
444
529
697
355
163
798
854
112
5
415
119
294
287
849
860
246
268
659
407
42
137
724
44
788
836
229
349
305
116
506
527
339
400
683
670
214
262
521
324
197
301
711
331
490
135
143
468
517
585
735
276
98
679
49
96
898
890
245
876
74
55
666
709
787
761
560
657
356
739
625
432
689
28
479
877
205
310
321
845
492
190
463
401
771
769
754
708
13
794
638
171
68
870
120
581
242
123
189
893
244
14
394
665
734
71
58
130
772
340
587
851
765
373
417
738
376
878
655
102
455
594
887
753
809
710
477
82
661
12
423
634
210
341
745
315
612
125
316
633
502
793
233
200
561
568
52
874
596
897
150
270
621
547
207
632
17
459
782
191
573
311
586
707
712
108
70
303
227
237
374
563
839
240
213
73
22
447
454
411
39
312
149
218
72
642
251
369
822
841
359
372
363
389
626
856
730
100
617
297
622
605
744
148
687
75
37
187
848
483
828
636
524
41
462
537
671
221
548
158
269
599
590
470
15
806
326
881
157
804
180
813
773
493
820
833
840
715
435
571
790
643
383
64
879
329
386
651
566
85
354
465
408
167
821
437
784
831
117
780
714
425
330
686
535
452
598
279
752
546
43
664
298
519
681
810
791
62
166
677
336
461
737
726
170
338
501
442
439
652
152
680
797
378
553
614
317
775
429
106
136
86
377
645
610
774
449
478
770
731
783
646
518
604
507
875
781
760
792
300
38
618
2
832
558
733
453
234
543
181
569
162
410
164
536
186
504
272
176
889
473
778
322
293
550
30
319
428
732
513
215
818
275
147
786
188
580
751
746
179
555
764
388
