86
748
349
375
700
684
380
329
785
236
787
763
585
617
577
662
460
850
17
867
154
595
734
162
538
188
134
181
401
147
805
742
269
593
277
811
180
615
399
576
710
209
57
263
197
22
176
618
489
15
259
273
801
88
687
285
346
403
219
829
321
428
776
77
853
371
182
52
394
132
860
545
19
648
299
869
224
216
500
792
65
373
64
631
461
732
531
276
826
370
101
597
239
376
537
755
369
192
202
310
647
467
673
494
627
824
67
430
355
758
783
670
702
228
211
675
21
870
433
99
25
789
623
690
183
374
429
864
251
144
852
717
262
230
588
217
391
96
469
645
754
491
73
713
256
123
883
886
167
863
894
304
194
712
476
605
78
14
512
43
426
160
800
331
651
626
486
173
504
526
87
347
301
719
138
482
893
357
31
131
320
803
313
583
354
812
582
284
381
574
390
283
1
406
680
293
837
865
729
810
571
587
900
199
560
832
324
213
528
420
485
534
822
190
205
650
621
94
598
362
663
218
163
653
862
16
319
344
498
780
592
85
698
520
629
820
815
704
579
268
468
727
836
351
179
644
186
524
723
477
395
676
203
45
666
781
671
611
143
126
198
432
447
379
804
448
243
669
603
438
384
839
575
688
573
93
624
114
46
350
54
735
899
833
106
453
187
308
334
169
731
590
223
884
204
333
63
738
535
314
385
557
655
117
854
177
311
635
174
130
861
640
418
779
707
235
548
816
546
280
871
508
413
361
714
137
678
510
278
367
679
89
80
307
296
637
393
260
539
378
606
478
227
102
709
878
450
736
155
518
142
581
23
151
613
614
828
773
146
184
604
625
817
599
768
692
744
444
442
657
842
616
887
238
166
630
506
580
724
113
6
705
148
452
872
703
856
445
97
674
405
542
502
42
4
745
290
499
261
866
50
459
782
818
411
505
398
827
326
566
848
212
877
32
141
241
636
133
728
201
495
335
523
364
855
880
838
125
226
667
677
255
178
244
387
232
622
104
92
609
722
220
834
620
435
771
417
638
481
441
665
352
128
29
58
281
200
150
501
382
136
791
152
750
327
157
586
81
457
68
766
490
572
503
786
34
287
858
39
564
75
747
343
708
683
879
265
71
513
699
254
409
0
270
808
139
553
601
40
770
