2
3
6
8
12
13
14
15
17
22
28
29
30
37
38
39
50
51
52
54
57
58
59
61
63
64
66
67
69
76
78
80
81
86
88
90
96
97
99
104
109
112
115
117
118
119
120
123
124
125
126
127
132
134
136
141
142
144
147
149
151
152
153
158
160
162
167
168
169
171
172
176
178
179
181
184
185
187
188
189
192
196
199
202
203
209
212
214
218
220
223
228
233
235
236
239
241
245
247
253
255
259
261
262
265
266
267
270
271
272
274
275
277
280
282
284
288
289
290
294
301
302
304
305
306
309
310
311
314
315
317
318
322
325
327
330
333
340
342
343
345
347
350
351
359
365
373
374
375
377
378
379
384
385
388
389
392
393
394
395
396
397
400
403
408
410
411
413
414
415
418
419
421
422
426
427
428
429
431
433
435
437
439
440
441
443
446
449
454
455
456
457
458
460
461
464
468
469
472
475
479
480
481
485
490
491
492
493
495
496
498
499
500
501
502
509
511
513
514
516
517
518
519
523
525
527
532
534
535
536
541
544
546
551
552
553
557
558
559
560
562
563
565
567
570
571
572
573
577
578
580
582
583
584
585
586
587
588
589
592
594
595
596
597
599
601
606
608
609
610
614
615
616
621
624
626
628
629
632
633
637
638
639
641
645
646
647
648
649
651
655
659
661
663
668
669
670
673
675
678
680
686
689
690
691
692
694
695
696
699
700
701
709
711
714
717
718
722
724
725
726
728
729
730
735
736
739
741
742
743
744
748
749
750
758
759
763
766
768
769
770
772
778
779
782
784
786
789
791
793
797
798
799
800
801
802
806
808
809
813
815
817
818
821
825
830
832
834
840
841
845
846
849
850
852
853
854
855
856
860
862
863
865
866
870
871
872
873
877
882
883
884
885
888
889
892
893
896
897
899
